			*****	 Delay Jitter (msec) 	*****


Time (sec)	Node 1	Node 2	Node 3	Node 4	Node 5	Node 6	Node 7	Node 8	Node 9	Node 10	Node 11	Node 12	Node 13	Node 14	Node 15	Node 16	Node 17	Node 18	Node 19	Node 20	
0.0		0.0	0.0	0.0	0.0	0.0	0.0	0.0	0.0	0.0	0.0	0.0	0.0	0.0	0.0	0.0	0.0	0.0	0.0	0.0	0.0	
0.1		0.0	0.0	0.0	0.0	0.0	0.0	0.0	0.0	0.0	0.0	0.0	0.0	0.0	0.0	0.0	0.0	0.0	0.0	0.0	0.0	
0.1		0.0	0.0	0.0	0.0	0.0	0.0	0.0	0.0	0.0	0.0	0.0	0.0	0.0	0.0	0.0	0.0	0.0	0.0	0.0	0.0	
0.1		0.0	0.0	0.0	0.0	0.0	0.0	0.0	0.0	0.0	0.0	0.0	0.0	0.0	0.0	0.0	0.0	0.0	0.0	0.0	0.0	
0.1		0.0	0.0	0.0	0.0	0.0	0.0	0.0	0.0	0.0	0.0	0.0	0.0	0.0	0.0	0.0	0.0	0.0	0.0	0.0	0.0	
0.2		0.0	0.0	0.0	0.0	0.0	0.0	0.0	0.0	0.0	0.0	0.0	0.0	0.0	0.0	0.0	0.0	0.0	0.0	34.45	0.0	
0.2		77.8	0.0	0.0	0.0	0.0	0.0	0.0	0.0	0.0	0.0	60.41	0.0	0.0	0.0	0.0	0.0	0.0	0.0	0.0	0.0	
0.2		0.0	0.0	104.12	0.0	95.24	0.0	0.0	0.0	0.0	113.0	0.0	0.0	0.0	0.0	0.0	0.0	0.0	0.0	0.0	0.0	
0.3		0.0	0.0	0.0	0.0	0.0	121.88	0.0	0.0	0.0	0.0	0.0	0.0	0.0	0.0	0.0	0.0	0.0	0.0	0.0	0.0	
0.3		0.0	0.0	0.0	0.0	0.0	0.0	0.0	0.0	0.0	0.0	0.0	0.0	0.0	0.0	0.0	164.85	0.0	0.0	0.0	0.0	
0.3		0.0	0.0	0.0	0.0	0.0	0.0	0.0	0.0	0.0	0.0	0.0	190.79	0.0	0.0	0.0	0.0	0.0	0.0	0.0	0.0	
0.4		0.0	0.0	0.0	0.0	0.0	0.0	0.0	208.2	0.0	0.0	0.0	0.0	0.0	0.0	0.0	0.0	0.0	0.0	0.0	0.0	
0.4		0.0	0.0	0.0	0.0	0.0	0.0	0.0	0.0	0.0	0.0	0.0	117.8	0.0	0.0	0.0	0.0	0.0	0.0	0.0	0.0	
0.4		0.0	0.0	0.0	0.0	0.0	0.0	0.0	0.0	0.0	0.0	0.0	0.0	294.55	0.0	0.0	0.0	0.0	0.0	0.0	277.15	
0.4		0.0	0.0	0.0	0.0	0.0	0.0	0.0	0.0	0.0	0.0	0.0	0.0	0.0	0.0	0.0	0.0	0.0	311.94	0.0	0.0	
0.5		0.0	0.0	0.0	0.0	0.0	0.0	0.0	0.0	0.0	0.0	0.0	0.0	0.0	0.0	0.0	0.0	329.33	0.0	0.0	0.0	
0.5		0.0	0.0	230.34	0.0	239.22	0.0	381.53	0.0	0.0	0.0	0.0	0.0	0.0	0.0	0.0	0.0	0.0	0.0	0.0	0.0	
0.5		0.0	0.0	0.0	398.95	0.0	0.0	0.0	0.0	0.0	0.0	0.0	0.0	0.0	0.0	0.0	282.95	0.0	0.0	0.0	0.0	
0.6		0.0	0.0	0.0	0.0	0.0	0.0	0.0	0.0	0.0	0.0	0.0	0.0	0.0	0.0	0.0	0.0	0.0	0.0	0.0	0.0	
0.6		0.0	450.81	0.0	0.0	0.0	0.0	0.0	0.0	0.0	0.0	0.0	0.0	0.0	0.0	0.0	0.0	0.0	0.0	0.0	0.0	
0.6		0.0	0.0	0.0	0.0	0.0	0.0	0.0	0.0	0.0	0.0	0.0	0.0	0.0	0.0	0.0	0.0	0.0	0.0	0.0	0.0	
0.7		0.0	0.0	0.0	0.0	0.0	0.0	0.0	0.0	0.0	0.0	0.0	0.0	0.0	0.0	0.0	0.0	0.0	0.0	0.0	394.55	
0.7		0.0	0.0	0.0	0.0	0.0	0.0	0.0	0.0	0.0	0.0	0.0	0.0	0.0	553.81	0.0	0.0	0.0	0.0	0.0	0.0	
0.7		0.0	0.0	0.0	0.0	0.0	0.0	0.0	0.0	0.0	0.0	0.0	321.41	0.0	0.0	0.0	0.0	0.0	0.0	0.0	0.0	
0.8		0.0	0.0	356.27	0.0	0.0	0.0	0.0	472.29	0.0	0.0	0.0	0.0	0.0	0.0	0.0	0.0	490.11	0.0	0.0	0.0	
0.8		0.0	0.0	0.0	0.0	0.0	0.0	0.0	391.55	0.0	0.0	0.0	0.0	0.0	507.64	0.0	0.0	0.0	0.0	0.0	0.0	
0.8		0.0	0.0	301.04	0.0	0.0	0.0	0.0	0.0	0.0	0.0	0.0	0.0	0.0	0.0	0.0	0.0	0.0	0.0	0.0	0.0	
0.8		0.0	0.0	0.0	0.0	0.0	0.0	0.0	0.0	0.0	0.0	0.0	0.0	0.0	0.0	0.0	0.0	0.0	0.0	0.0	0.0	
0.9		0.0	0.0	0.0	0.0	0.0	0.0	0.0	0.0	0.0	0.0	0.0	0.0	0.0	469.02	0.0	0.0	0.0	0.0	0.0	0.0	
0.9		0.0	0.0	0.0	0.0	503.71	619.64	0.0	0.0	0.0	0.0	0.0	0.0	0.0	0.0	0.0	0.0	0.0	0.0	0.0	0.0	
0.9		0.0	0.0	0.0	0.0	0.0	0.0	0.0	413.33	796.76	0.0	0.0	0.0	0.0	0.0	0.0	0.0	0.0	0.0	0.0	0.0	
1.0		0.0	0.0	0.0	0.0	0.0	556.09	0.0	0.0	0.0	0.0	707.01	439.92	0.0	0.0	0.0	0.0	0.0	0.0	0.0	0.0	
1.0		0.0	0.0	0.0	0.0	0.0	0.0	0.0	0.0	0.0	0.0	0.0	0.0	0.0	0.0	0.0	0.0	0.0	724.54	0.0	0.0	
1.0		0.0	0.0	0.0	0.0	0.0	0.0	0.0	0.0	0.0	0.0	0.0	0.0	0.0	0.0	0.0	0.0	0.0	0.0	0.0	0.0	
1.0		0.0	0.0	0.0	0.0	0.0	0.0	0.0	0.0	0.0	0.0	0.0	0.0	776.05	0.0	0.0	0.0	604.93	0.0	0.0	0.0	
1.1		0.0	829.01	0.0	811.23	0.0	0.0	0.0	0.0	0.0	0.0	0.0	0.0	0.0	0.0	0.0	695.13	0.0	0.0	0.0	0.0	
1.1		0.0	0.0	0.0	0.0	0.0	0.0	0.0	0.0	0.0	0.0	730.5	0.0	0.0	596.6	0.0	0.0	0.0	0.0	0.0	0.0	
1.1		0.0	0.0	0.0	0.0	0.0	0.0	0.0	0.0	0.0	0.0	0.0	0.0	0.0	0.0	926.08	0.0	0.0	0.0	0.0	0.0	
1.2		0.0	0.0	0.0	0.0	0.0	0.0	0.0	0.0	0.0	0.0	0.0	0.0	0.0	0.0	0.0	0.0	0.0	0.0	0.0	0.0	
1.2		0.0	0.0	0.0	0.0	0.0	0.0	0.0	0.0	0.0	0.0	0.0	0.0	0.0	0.0	0.0	0.0	0.0	0.0	926.15	0.0	
1.2		0.0	0.0	0.0	0.0	0.0	0.0	0.0	601.33	0.0	0.0	0.0	0.0	0.0	0.0	0.0	0.0	0.0	0.0	825.46	0.0	
1.3		0.0	0.0	0.0	0.0	0.0	0.0	0.0	0.0	926.51	0.0	0.0	627.67	0.0	0.0	0.0	0.0	0.0	0.0	0.0	0.0	
1.3		926.03	0.0	0.0	0.0	0.0	0.0	926.21	0.0	0.0	0.0	0.0	0.0	0.0	662.88	0.0	0.0	0.0	0.0	0.0	0.0	
1.3		0.0	0.0	0.0	0.0	0.0	0.0	0.0	0.0	0.0	0.0	0.0	0.0	0.0	0.0	0.0	813.81	0.0	0.0	0.0	0.0	
1.4		0.0	926.57	0.0	0.0	0.0	840.02	0.0	0.0	0.0	0.0	0.0	0.0	0.0	0.0	0.0	0.0	0.0	0.0	0.0	0.0	
1.4		0.0	0.0	0.0	0.0	0.0	0.0	0.0	0.0	0.0	0.0	857.51	0.0	0.0	0.0	0.0	0.0	0.0	926.48	0.0	0.0	
1.4		0.0	0.0	0.0	0.0	0.0	0.0	0.0	0.0	0.0	0.0	0.0	0.0	0.0	0.0	926.46	0.0	776.26	0.0	0.0	0.0	
1.4		0.0	0.0	0.0	926.47	0.0	0.0	0.0	0.0	926.55	0.0	0.0	0.0	0.0	0.0	0.0	0.0	0.0	0.0	0.0	0.0	
1.5		0.0	0.0	0.0	0.0	0.0	0.0	0.0	0.0	0.0	0.0	0.0	695.05	0.0	0.0	0.0	0.0	0.0	0.0	0.0	0.0	
1.5		0.0	0.0	0.0	0.0	0.0	0.0	0.0	0.0	0.0	0.0	0.0	0.0	0.0	0.0	0.0	0.0	0.0	899.87	0.0	926.12	
1.5		0.0	0.0	0.0	0.0	0.0	889.64	0.0	0.0	0.0	0.0	0.0	0.0	0.0	0.0	0.0	0.0	0.0	0.0	926.5	0.0	
1.6		0.0	0.0	0.0	0.0	0.0	0.0	0.0	0.0	0.0	0.0	0.0	674.55	0.0	0.0	0.0	0.0	0.0	0.0	0.0	0.0	
1.6		0.0	0.0	0.0	0.0	926.22	0.0	0.0	0.0	0.0	0.0	0.0	0.0	0.0	0.0	0.0	0.0	0.0	0.0	0.0	0.0	
1.6		0.0	0.0	0.0	0.0	0.0	0.0	0.0	0.0	0.0	0.0	0.0	0.0	0.0	0.0	926.44	0.0	0.0	0.0	0.0	0.0	
1.6		0.0	0.0	0.0	0.0	0.0	0.0	0.0	0.0	0.0	0.0	0.0	0.0	0.0	0.0	0.0	0.0	0.0	0.0	0.0	0.0	
1.7		0.0	0.0	0.0	926.46	0.0	0.0	0.0	0.0	0.0	0.0	926.51	0.0	0.0	926.51	0.0	0.0	0.0	0.0	0.0	0.0	
1.7		0.0	0.0	0.0	0.0	0.0	0.0	0.0	0.0	0.0	0.0	0.0	0.0	0.0	813.24	0.0	0.0	0.0	0.0	0.0	0.0	
1.7		0.0	0.0	0.0	0.0	0.0	0.0	0.0	0.0	0.0	0.0	0.0	0.0	0.0	722.73	0.0	0.0	0.0	0.0	0.0	0.0	
1.8		0.0	0.0	926.39	0.0	0.0	0.0	0.0	0.0	0.0	0.0	0.0	0.0	0.0	0.0	0.0	0.0	0.0	926.55	0.0	0.0	
1.8		0.0	0.0	0.0	0.0	0.0	0.0	0.0	0.0	0.0	924.93	0.0	0.0	0.0	0.0	0.0	926.34	0.0	0.0	0.0	0.0	
1.8		0.0	0.0	0.0	0.0	0.0	926.47	0.0	0.0	0.0	0.0	0.0	810.04	0.0	0.0	0.0	0.0	0.0	0.0	0.0	0.0	
1.9		0.0	0.0	0.0	0.0	0.0	0.0	0.0	0.0	926.25	0.0	0.0	0.0	0.0	0.0	0.0	926.58	0.0	0.0	0.0	0.0	
1.9		0.0	0.0	0.0	0.0	0.0	0.0	925.99	0.0	0.0	0.0	0.0	0.0	0.0	0.0	0.0	926.66	0.0	0.0	0.0	926.21	
1.9		0.0	0.0	0.0	0.0	0.0	0.0	0.0	0.0	0.0	0.0	0.0	0.0	0.0	0.0	926.28	0.0	0.0	0.0	0.0	0.0	
1.9		0.0	0.0	0.0	0.0	926.32	0.0	0.0	0.0	0.0	0.0	0.0	0.0	0.0	0.0	0.0	0.0	0.0	926.53	0.0	0.0	
2.0		0.0	0.0	0.0	0.0	0.0	0.0	926.36	0.0	0.0	0.0	926.4	0.0	0.0	0.0	0.0	0.0	0.0	0.0	0.0	0.0	
2.0		0.0	0.0	0.0	0.0	0.0	0.0	0.0	926.04	0.0	0.0	0.0	0.0	0.0	0.0	0.0	0.0	0.0	0.0	0.0	0.0	
2.0		0.0	0.0	0.0	0.0	926.47	0.0	0.0	0.0	0.0	0.0	0.0	0.0	0.0	0.0	0.0	0.0	0.0	0.0	0.0	0.0	
2.1		0.0	0.0	0.0	0.0	0.0	0.0	0.0	0.0	0.0	926.09	0.0	0.0	0.0	0.0	0.0	0.0	0.0	0.0	0.0	0.0	
2.1		0.0	0.0	926.37	0.0	0.0	0.0	0.0	0.0	0.0	0.0	0.0	883.78	0.0	0.0	0.0	0.0	0.0	0.0	0.0	0.0	
2.1		0.0	0.0	926.6	0.0	0.0	0.0	0.0	0.0	0.0	0.0	0.0	0.0	0.0	0.0	0.0	0.0	0.0	0.0	0.0	0.0	
2.2		0.0	0.0	0.0	926.06	0.0	0.0	0.0	0.0	0.0	0.0	0.0	0.0	0.0	0.0	0.0	0.0	0.0	0.0	0.0	0.0	
2.2		0.0	925.59	0.0	0.0	0.0	0.0	0.0	0.0	0.0	0.0	0.0	0.0	0.0	0.0	0.0	0.0	0.0	0.0	0.0	0.0	
2.2		0.0	0.0	0.0	0.0	926.43	0.0	0.0	0.0	0.0	0.0	0.0	0.0	0.0	0.0	0.0	926.36	0.0	0.0	0.0	0.0	
2.3		0.0	0.0	0.0	926.38	0.0	0.0	0.0	0.0	0.0	0.0	0.0	0.0	0.0	926.33	0.0	0.0	0.0	0.0	0.0	0.0	
2.3		0.0	926.26	0.0	0.0	0.0	0.0	0.0	0.0	0.0	0.0	0.0	0.0	0.0	0.0	0.0	0.0	0.0	0.0	0.0	926.06	
2.3		0.0	0.0	0.0	0.0	0.0	0.0	926.09	0.0	0.0	0.0	0.0	0.0	924.78	0.0	0.0	0.0	0.0	0.0	0.0	0.0	
2.3		0.0	926.34	0.0	0.0	0.0	0.0	0.0	0.0	0.0	0.0	0.0	0.0	0.0	0.0	0.0	0.0	0.0	0.0	0.0	0.0	
2.4		0.0	0.0	0.0	0.0	0.0	0.0	926.3	0.0	925.84	0.0	0.0	0.0	0.0	0.0	0.0	0.0	0.0	0.0	0.0	0.0	
2.4		0.0	0.0	0.0	0.0	0.0	0.0	0.0	0.0	0.0	0.0	0.0	0.0	0.0	0.0	0.0	926.46	0.0	0.0	0.0	0.0	
2.4		0.0	926.31	0.0	0.0	0.0	0.0	0.0	0.0	0.0	0.0	0.0	0.0	0.0	0.0	925.79	0.0	0.0	0.0	0.0	0.0	
2.5		0.0	0.0	0.0	0.0	0.0	0.0	0.0	0.0	0.0	0.0	0.0	0.0	925.97	0.0	0.0	0.0	0.0	0.0	0.0	0.0	
2.5		0.0	0.0	0.0	0.0	0.0	0.0	0.0	926.01	0.0	0.0	0.0	0.0	0.0	0.0	0.0	0.0	0.0	0.0	0.0	0.0	
2.5		0.0	0.0	0.0	926.14	0.0	0.0	0.0	0.0	0.0	0.0	0.0	0.0	0.0	0.0	0.0	0.0	0.0	925.99	0.0	0.0	
2.5		0.0	0.0	0.0	0.0	0.0	0.0	0.0	0.0	0.0	0.0	0.0	0.0	0.0	0.0	0.0	0.0	925.16	0.0	925.12	0.0	
2.6		0.0	0.0	0.0	0.0	0.0	0.0	0.0	0.0	0.0	925.51	0.0	0.0	0.0	0.0	0.0	0.0	0.0	0.0	926.21	0.0	
2.6		0.0	0.0	0.0	0.0	0.0	0.0	0.0	0.0	0.0	926.07	0.0	0.0	0.0	0.0	0.0	0.0	0.0	0.0	0.0	0.0	
2.6		0.0	0.0	0.0	0.0	0.0	0.0	0.0	0.0	926.11	0.0	0.0	926.22	0.0	0.0	0.0	0.0	0.0	0.0	0.0	0.0	
2.7		0.0	0.0	926.0	0.0	0.0	0.0	0.0	0.0	0.0	0.0	0.0	0.0	0.0	926.18	0.0	0.0	0.0	0.0	0.0	0.0	
2.7		0.0	0.0	0.0	0.0	0.0	0.0	0.0	0.0	0.0	926.02	0.0	0.0	0.0	0.0	0.0	0.0	0.0	0.0	0.0	0.0	
2.7		0.0	0.0	0.0	0.0	0.0	0.0	0.0	0.0	0.0	0.0	925.48	0.0	0.0	0.0	0.0	0.0	0.0	0.0	0.0	0.0	
2.8		0.0	926.02	0.0	0.0	0.0	0.0	0.0	0.0	0.0	926.12	0.0	0.0	0.0	0.0	0.0	0.0	0.0	0.0	0.0	0.0	
2.8		0.0	0.0	0.0	0.0	0.0	0.0	925.77	0.0	0.0	0.0	0.0	0.0	0.0	0.0	0.0	0.0	0.0	0.0	0.0	0.0	
2.8		0.0	0.0	0.0	925.96	0.0	0.0	0.0	0.0	0.0	0.0	0.0	0.0	0.0	0.0	0.0	0.0	0.0	0.0	0.0	0.0	
2.8		0.0	926.2	0.0	0.0	0.0	0.0	0.0	0.0	0.0	0.0	0.0	0.0	0.0	0.0	0.0	0.0	0.0	0.0	0.0	0.0	
2.9		0.0	0.0	0.0	0.0	0.0	0.0	0.0	0.0	0.0	0.0	0.0	926.33	925.45	0.0	0.0	0.0	0.0	0.0	0.0	0.0	
2.9		0.0	0.0	0.0	0.0	0.0	0.0	0.0	0.0	0.0	0.0	0.0	0.0	0.0	926.24	0.0	925.9	0.0	0.0	0.0	0.0	
2.9		0.0	926.23	0.0	0.0	0.0	0.0	926.02	0.0	0.0	0.0	0.0	0.0	0.0	0.0	0.0	0.0	0.0	0.0	0.0	925.22	
3.0		0.0	0.0	0.0	0.0	0.0	0.0	0.0	0.0	0.0	0.0	0.0	0.0	0.0	0.0	0.0	0.0	0.0	925.82	0.0	0.0	
3.0		0.0	0.0	926.01	0.0	0.0	924.71	0.0	0.0	0.0	0.0	0.0	0.0	0.0	0.0	0.0	0.0	0.0	0.0	0.0	0.0	
