			*****	 Media Access Delay (msec) 	*****


Time (sec)	Node 1	Node 2	Node 3	Node 4	Node 5	Node 6	Node 7	Node 8	Node 9	Node 10	Node 11	Node 12	Node 13	Node 14	Node 15	Node 16	Node 17	Node 18	Node 19	Node 20	
0.0		0.0	0.0	0.0	0.0	0.0	0.0	0.0	0.0	0.0	0.0	0.0	0.0	0.0	0.0	0.0	0.0	0.0	0.0	0.0	0.0	
0.1		0.0	0.0	0.0	0.0	0.0	0.0	0.0	0.0	0.0	0.0	0.0	0.0	0.0	0.0	0.0	0.0	0.0	0.0	0.0	0.0	
0.1		0.0	0.0	0.0	0.0	0.0	0.0	0.0	0.0	0.0	0.0	0.0	0.0	0.0	0.0	0.0	0.0	0.0	0.0	0.0	0.0	
0.1		0.0	0.0	0.0	0.0	0.0	0.0	0.0	0.0	0.0	0.0	0.0	0.0	0.0	0.0	0.0	0.0	0.0	0.0	0.0	0.0	
0.1		0.0	0.0	0.0	0.0	0.0	0.0	0.0	0.0	0.0	0.0	0.0	0.0	0.0	0.0	0.0	0.0	0.0	0.0	0.0	0.0	
0.2		0.0	0.0	0.0	0.0	0.0	0.0	0.0	0.0	0.0	0.0	0.0	0.0	0.0	0.0	0.0	0.0	0.0	0.0	34.48	0.0	
0.2		77.84	0.0	0.0	0.0	0.0	0.0	0.0	0.0	0.0	0.0	60.44	0.0	0.0	0.0	0.0	0.0	0.0	0.0	0.0	0.0	
0.2		0.0	0.0	104.16	0.0	95.28	0.0	0.0	0.0	0.0	113.04	0.0	0.0	0.0	0.0	0.0	0.0	0.0	0.0	0.0	0.0	
0.3		0.0	0.0	0.0	0.0	0.0	121.92	0.0	0.0	0.0	0.0	0.0	0.0	0.0	0.0	0.0	0.0	0.0	0.0	0.0	0.0	
0.3		0.0	0.0	0.0	0.0	0.0	0.0	0.0	0.0	0.0	0.0	0.0	0.0	0.0	0.0	0.0	164.92	0.0	0.0	0.0	0.0	
0.3		0.0	0.0	0.0	0.0	0.0	0.0	0.0	0.0	0.0	0.0	0.0	190.88	0.0	0.0	0.0	0.0	0.0	0.0	0.0	0.0	
0.4		0.0	0.0	0.0	0.0	0.0	0.0	0.0	208.3	0.0	0.0	0.0	0.0	0.0	0.0	0.0	0.0	0.0	0.0	0.0	0.0	
0.4		0.0	0.0	0.0	0.0	0.0	0.0	0.0	0.0	0.0	0.0	0.0	51.94	0.0	0.0	0.0	0.0	0.0	0.0	0.0	0.0	
0.4		0.0	0.0	0.0	0.0	0.0	0.0	0.0	0.0	0.0	0.0	0.0	0.0	294.72	0.0	0.0	0.0	0.0	0.0	0.0	277.3	
0.4		0.0	0.0	0.0	0.0	0.0	0.0	0.0	0.0	0.0	0.0	0.0	0.0	0.0	0.0	0.0	0.0	0.0	312.12	0.0	0.0	
0.5		0.0	0.0	0.0	0.0	0.0	0.0	0.0	0.0	0.0	0.0	0.0	0.0	0.0	0.0	0.0	0.0	329.52	0.0	0.0	0.0	
0.5		0.0	0.0	230.46	0.0	239.34	0.0	381.76	0.0	0.0	0.0	0.0	0.0	0.0	0.0	0.0	0.0	0.0	0.0	0.0	0.0	
0.5		0.0	0.0	0.0	399.2	0.0	0.0	0.0	0.0	0.0	0.0	0.0	0.0	0.0	0.0	0.0	243.16	0.0	0.0	0.0	0.0	
0.6		0.0	0.0	0.0	0.0	0.0	0.0	0.0	0.0	0.0	0.0	0.0	0.0	0.0	0.0	0.0	0.0	0.0	0.0	0.0	0.0	
0.6		0.0	451.1	0.0	0.0	0.0	0.0	0.0	0.0	0.0	0.0	0.0	0.0	0.0	0.0	0.0	0.0	0.0	0.0	0.0	0.0	
0.6		0.0	0.0	0.0	0.0	0.0	0.0	0.0	0.0	0.0	0.0	0.0	0.0	0.0	0.0	0.0	0.0	0.0	0.0	0.0	0.0	
0.7		0.0	0.0	0.0	0.0	0.0	0.0	0.0	0.0	0.0	0.0	0.0	0.0	0.0	0.0	0.0	0.0	0.0	0.0	0.0	242.4	
0.7		0.0	0.0	0.0	0.0	0.0	0.0	0.0	0.0	0.0	0.0	0.0	0.0	0.0	554.18	0.0	0.0	0.0	0.0	0.0	0.0	
0.7		0.0	0.0	0.0	0.0	0.0	0.0	0.0	0.0	0.0	0.0	0.0	321.6	0.0	0.0	0.0	0.0	0.0	0.0	0.0	0.0	
0.8		0.0	0.0	250.96	0.0	0.0	0.0	0.0	389.24	0.0	0.0	0.0	0.0	0.0	0.0	0.0	0.0	285.78	0.0	0.0	0.0	
0.8		0.0	0.0	0.0	0.0	0.0	0.0	0.0	44.08	0.0	0.0	0.0	0.0	0.0	78.56	0.0	0.0	0.0	0.0	0.0	0.0	
0.8		0.0	0.0	69.68	0.0	0.0	0.0	0.0	0.0	0.0	0.0	0.0	0.0	0.0	0.0	0.0	0.0	0.0	0.0	0.0	0.0	
0.8		0.0	0.0	0.0	0.0	0.0	0.0	0.0	0.0	0.0	0.0	0.0	0.0	0.0	0.0	0.0	0.0	0.0	0.0	0.0	0.0	
0.9		0.0	0.0	0.0	0.0	0.0	0.0	0.0	0.0	0.0	0.0	0.0	0.0	0.0	86.38	0.0	0.0	0.0	0.0	0.0	0.0	
0.9		0.0	0.0	0.0	0.0	389.62	620.06	0.0	0.0	0.0	0.0	0.0	0.0	0.0	0.0	0.0	0.0	0.0	0.0	0.0	0.0	
0.9		0.0	0.0	0.0	0.0	0.0	0.0	0.0	146.82	797.32	0.0	0.0	0.0	0.0	0.0	0.0	0.0	0.0	0.0	0.0	0.0	
1.0		0.0	0.0	0.0	0.0	0.0	61.14	0.0	0.0	0.0	0.0	707.5	243.48	0.0	0.0	0.0	0.0	0.0	0.0	0.0	0.0	
1.0		0.0	0.0	0.0	0.0	0.0	0.0	0.0	0.0	0.0	0.0	0.0	0.0	0.0	0.0	0.0	0.0	0.0	537.8	0.0	0.0	
1.0		0.0	0.0	0.0	0.0	0.0	0.0	0.0	0.0	0.0	0.0	0.0	0.0	0.0	0.0	0.0	0.0	0.0	0.0	0.0	0.0	
1.0		0.0	0.0	0.0	0.0	0.0	0.0	0.0	0.0	0.0	0.0	0.0	0.0	606.76	0.0	0.0	0.0	151.96	0.0	0.0	0.0	
1.1		0.0	503.28	0.0	537.42	0.0	0.0	0.0	0.0	0.0	0.0	0.0	0.0	0.0	0.0	0.0	537.42	0.0	0.0	0.0	0.0	
1.1		0.0	0.0	0.0	0.0	0.0	0.0	0.0	0.0	0.0	0.0	148.18	0.0	0.0	252.68	0.0	0.0	0.0	0.0	0.0	0.0	
1.1		0.0	0.0	0.0	0.0	0.0	0.0	0.0	0.0	0.0	0.0	0.0	0.0	0.0	0.0	989.56	0.0	0.0	0.0	0.0	0.0	
1.2		0.0	0.0	0.0	0.0	0.0	0.0	0.0	0.0	0.0	0.0	0.0	0.0	0.0	0.0	0.0	0.0	0.0	0.0	0.0	0.0	
1.2		0.0	0.0	0.0	0.0	0.0	0.0	0.0	0.0	0.0	0.0	0.0	0.0	0.0	0.0	0.0	0.0	0.0	0.0	941.74	0.0	
1.2		0.0	0.0	0.0	0.0	0.0	0.0	0.0	313.12	0.0	0.0	0.0	0.0	0.0	0.0	0.0	0.0	0.0	0.0	8.86	0.0	
1.3		0.0	0.0	0.0	0.0	0.0	0.0	0.0	0.0	321.7	0.0	0.0	312.82	0.0	0.0	0.0	0.0	0.0	0.0	0.0	0.0	
1.3		1020.3	0.0	0.0	0.0	0.0	0.0	772.42	0.0	0.0	0.0	0.0	0.0	0.0	191.26	0.0	0.0	0.0	0.0	0.0	0.0	
1.3		0.0	0.0	0.0	0.0	0.0	0.0	0.0	0.0	0.0	0.0	0.0	0.0	0.0	0.0	0.0	243.54	0.0	0.0	0.0	0.0	
1.4		0.0	243.54	0.0	0.0	0.0	409.14	0.0	0.0	0.0	0.0	0.0	0.0	0.0	0.0	0.0	0.0	0.0	0.0	0.0	0.0	
1.4		0.0	0.0	0.0	0.0	0.0	0.0	0.0	0.0	0.0	0.0	252.08	0.0	0.0	0.0	0.0	0.0	0.0	391.72	0.0	0.0	
1.4		0.0	0.0	0.0	0.0	0.0	0.0	0.0	0.0	0.0	0.0	0.0	0.0	0.0	0.0	278.1	0.0	357.32	0.0	0.0	0.0	
1.4		0.0	0.0	0.0	357.34	0.0	0.0	0.0	0.0	183.82	0.0	0.0	0.0	0.0	0.0	0.0	0.0	0.0	0.0	0.0	0.0	
1.5		0.0	0.0	0.0	0.0	0.0	0.0	0.0	0.0	0.0	0.0	0.0	192.34	0.0	0.0	0.0	0.0	0.0	0.0	0.0	0.0	
1.5		0.0	0.0	0.0	0.0	0.0	0.0	0.0	0.0	0.0	0.0	0.0	0.0	0.0	0.0	0.0	0.0	0.0	65.4	0.0	826.48	
1.5		0.0	0.0	0.0	0.0	0.0	174.52	0.0	0.0	0.0	0.0	0.0	0.0	0.0	0.0	0.0	0.0	0.0	0.0	323.14	0.0	
1.6		0.0	0.0	0.0	0.0	0.0	0.0	0.0	0.0	0.0	0.0	0.0	104.46	0.0	0.0	0.0	0.0	0.0	0.0	0.0	0.0	
1.6		0.0	0.0	0.0	0.0	705.26	0.0	0.0	0.0	0.0	0.0	0.0	0.0	0.0	0.0	0.0	0.0	0.0	0.0	0.0	0.0	
1.6		0.0	0.0	0.0	0.0	0.0	0.0	0.0	0.0	0.0	0.0	0.0	0.0	0.0	0.0	217.52	0.0	0.0	0.0	0.0	0.0	
1.6		0.0	0.0	0.0	0.0	0.0	0.0	0.0	0.0	0.0	0.0	0.0	0.0	0.0	0.0	0.0	0.0	0.0	0.0	0.0	0.0	
1.7		0.0	0.0	0.0	251.68	0.0	0.0	0.0	0.0	0.0	0.0	295.44	0.0	0.0	391.46	0.0	0.0	0.0	0.0	0.0	0.0	
1.7		0.0	0.0	0.0	0.0	0.0	0.0	0.0	0.0	0.0	0.0	0.0	0.0	0.0	8.86	0.0	0.0	0.0	0.0	0.0	0.0	
1.7		0.0	0.0	0.0	0.0	0.0	0.0	0.0	0.0	0.0	0.0	0.0	0.0	0.0	34.48	0.0	0.0	0.0	0.0	0.0	0.0	
1.8		0.0	0.0	478.46	0.0	0.0	0.0	0.0	0.0	0.0	0.0	0.0	0.0	0.0	0.0	0.0	0.0	0.0	251.7	0.0	0.0	
1.8		0.0	0.0	0.0	0.0	0.0	0.0	0.0	0.0	0.0	1542.86	0.0	0.0	0.0	0.0	0.0	461.4	0.0	0.0	0.0	0.0	
1.8		0.0	0.0	0.0	0.0	0.0	312.82	0.0	0.0	0.0	0.0	0.0	260.58	0.0	0.0	0.0	0.0	0.0	0.0	0.0	0.0	
1.9		0.0	0.0	0.0	0.0	0.0	0.0	0.0	0.0	408.74	0.0	0.0	0.0	0.0	0.0	0.0	78.54	0.0	0.0	0.0	0.0	
1.9		0.0	0.0	0.0	0.0	0.0	0.0	592.54	0.0	0.0	0.0	0.0	0.0	0.0	0.0	0.0	8.86	0.0	0.0	0.0	417.94	
1.9		0.0	0.0	0.0	0.0	0.0	0.0	0.0	0.0	0.0	0.0	0.0	0.0	0.0	0.0	296.36	0.0	0.0	0.0	0.0	0.0	
1.9		0.0	0.0	0.0	0.0	339.74	0.0	0.0	0.0	0.0	0.0	0.0	0.0	0.0	0.0	0.0	0.0	0.0	200.78	0.0	0.0	
2.0		0.0	0.0	0.0	0.0	0.0	0.0	104.5	0.0	0.0	0.0	305.62	0.0	0.0	0.0	0.0	0.0	0.0	0.0	0.0	0.0	
2.0		0.0	0.0	0.0	0.0	0.0	0.0	0.0	775.64	0.0	0.0	0.0	0.0	0.0	0.0	0.0	0.0	0.0	0.0	0.0	0.0	
2.0		0.0	0.0	0.0	0.0	112.74	0.0	0.0	0.0	0.0	0.0	0.0	0.0	0.0	0.0	0.0	0.0	0.0	0.0	0.0	0.0	
2.1		0.0	0.0	0.0	0.0	0.0	0.0	0.0	0.0	0.0	269.8	0.0	0.0	0.0	0.0	0.0	0.0	0.0	0.0	0.0	0.0	
2.1		0.0	0.0	339.8	0.0	0.0	0.0	0.0	0.0	0.0	0.0	0.0	139.34	0.0	0.0	0.0	0.0	0.0	0.0	0.0	0.0	
2.1		0.0	0.0	17.42	0.0	0.0	0.0	0.0	0.0	0.0	0.0	0.0	0.0	0.0	0.0	0.0	0.0	0.0	0.0	0.0	0.0	
2.2		0.0	0.0	0.0	479.16	0.0	0.0	0.0	0.0	0.0	0.0	0.0	0.0	0.0	0.0	0.0	0.0	0.0	0.0	0.0	0.0	
2.2		0.0	844.32	0.0	0.0	0.0	0.0	0.0	0.0	0.0	0.0	0.0	0.0	0.0	0.0	0.0	0.0	0.0	0.0	0.0	0.0	
2.2		0.0	0.0	0.0	0.0	156.48	0.0	0.0	0.0	0.0	0.0	0.0	0.0	0.0	0.0	0.0	356.3	0.0	0.0	0.0	0.0	
2.3		0.0	0.0	0.0	78.22	0.0	0.0	0.0	0.0	0.0	0.0	0.0	0.0	0.0	514.04	0.0	0.0	0.0	0.0	0.0	0.0	
2.3		0.0	95.96	0.0	0.0	0.0	0.0	0.0	0.0	0.0	0.0	0.0	0.0	0.0	0.0	0.0	0.0	0.0	0.0	0.0	365.2	
2.3		0.0	0.0	0.0	0.0	0.0	0.0	304.42	0.0	0.0	0.0	0.0	0.0	1271.56	0.0	0.0	0.0	0.0	0.0	0.0	0.0	
2.3		0.0	52.26	0.0	0.0	0.0	0.0	0.0	0.0	0.0	0.0	0.0	0.0	0.0	0.0	0.0	0.0	0.0	0.0	0.0	0.0	
2.4		0.0	0.0	0.0	0.0	0.0	0.0	69.36	0.0	522.3	0.0	0.0	0.0	0.0	0.0	0.0	0.0	0.0	0.0	0.0	0.0	
2.4		0.0	0.0	0.0	0.0	0.0	0.0	0.0	0.0	0.0	0.0	0.0	0.0	0.0	0.0	0.0	157.16	0.0	0.0	0.0	0.0	
2.4		0.0	112.74	0.0	0.0	0.0	0.0	0.0	0.0	0.0	0.0	0.0	0.0	0.0	0.0	512.78	0.0	0.0	0.0	0.0	0.0	
2.5		0.0	0.0	0.0	0.0	0.0	0.0	0.0	0.0	0.0	0.0	0.0	0.0	156.12	0.0	0.0	0.0	0.0	0.0	0.0	0.0	
2.5		0.0	0.0	0.0	0.0	0.0	0.0	0.0	469.36	0.0	0.0	0.0	0.0	0.0	0.0	0.0	0.0	0.0	0.0	0.0	0.0	
2.5		0.0	0.0	0.0	269.48	0.0	0.0	0.0	0.0	0.0	0.0	0.0	0.0	0.0	0.0	0.0	0.0	0.0	564.96	0.0	0.0	
2.5		0.0	0.0	0.0	0.0	0.0	0.0	0.0	0.0	0.0	0.0	0.0	0.0	0.0	0.0	0.0	0.0	1122.24	0.0	1017.44	0.0	
2.6		0.0	0.0	0.0	0.0	0.0	0.0	0.0	0.0	0.0	513.34	0.0	0.0	0.0	0.0	0.0	0.0	0.0	0.0	8.86	0.0	
2.6		0.0	0.0	0.0	0.0	0.0	0.0	0.0	0.0	0.0	17.4	0.0	0.0	0.0	0.0	0.0	0.0	0.0	0.0	0.0	0.0	
2.6		0.0	0.0	0.0	0.0	0.0	0.0	0.0	0.0	130.4	0.0	0.0	539.62	0.0	0.0	0.0	0.0	0.0	0.0	0.0	0.0	
2.7		0.0	0.0	539.26	0.0	0.0	0.0	0.0	0.0	0.0	0.0	0.0	0.0	0.0	426.5	0.0	0.0	0.0	0.0	0.0	0.0	
2.7		0.0	0.0	0.0	0.0	0.0	0.0	0.0	0.0	0.0	104.48	0.0	0.0	0.0	0.0	0.0	0.0	0.0	0.0	0.0	0.0	
2.7		0.0	0.0	0.0	0.0	0.0	0.0	0.0	0.0	0.0	0.0	765.02	0.0	0.0	0.0	0.0	0.0	0.0	0.0	0.0	0.0	
2.8		0.0	313.04	0.0	0.0	0.0	0.0	0.0	0.0	0.0	52.26	0.0	0.0	0.0	0.0	0.0	0.0	0.0	0.0	0.0	0.0	
2.8		0.0	0.0	0.0	0.0	0.0	0.0	426.1	0.0	0.0	0.0	0.0	0.0	0.0	0.0	0.0	0.0	0.0	0.0	0.0	0.0	
2.8		0.0	0.0	0.0	313.08	0.0	0.0	0.0	0.0	0.0	0.0	0.0	0.0	0.0	0.0	0.0	0.0	0.0	0.0	0.0	0.0	
2.8		0.0	103.84	0.0	0.0	0.0	0.0	0.0	0.0	0.0	0.0	0.0	0.0	0.0	0.0	0.0	0.0	0.0	0.0	0.0	0.0	
2.9		0.0	0.0	0.0	0.0	0.0	0.0	0.0	0.0	0.0	0.0	0.0	251.32	408.32	0.0	0.0	0.0	0.0	0.0	0.0	0.0	
2.9		0.0	0.0	0.0	0.0	0.0	0.0	0.0	0.0	0.0	0.0	0.0	0.0	0.0	233.92	0.0	529.9	0.0	0.0	0.0	0.0	
2.9		0.0	87.78	0.0	0.0	0.0	0.0	138.98	0.0	0.0	0.0	0.0	0.0	0.0	0.0	0.0	0.0	0.0	0.0	0.0	669.66	
3.0		0.0	0.0	0.0	0.0	0.0	0.0	0.0	0.0	0.0	0.0	0.0	0.0	0.0	0.0	0.0	0.0	0.0	443.92	0.0	0.0	
3.0		0.0	0.0	330.6	0.0	0.0	1148.54	0.0	0.0	0.0	0.0	0.0	0.0	0.0	0.0	0.0	0.0	0.0	0.0	0.0	0.0	
