			*****	 Packet Queue Length	*****


Time (sec)	Node 1	Node 2	Node 3	Node 4	Node 5	Node 6	Node 7	Node 8	Node 9	Node 10	Node 11	Node 12	Node 13	Node 14	Node 15	Node 16	Node 17	Node 18	Node 19	Node 20	
0.0		0	0	0	0	0	0	0	0	0	0	0	0	0	0	0	0	0	0	0	0	
0.1		0	0	0	0	0	0	0	0	0	0	0	0	0	0	0	0	0	0	0	0	
0.1		0	0	0	0	0	0	0	0	0	0	0	0	0	0	0	0	0	0	0	0	
0.1		0	0	0	0	0	0	0	0	0	0	0	0	0	0	0	0	0	0	0	0	
0.1		0	0	0	0	0	0	0	0	0	0	0	0	0	0	0	0	0	0	0	0	
0.2		1	1	1	1	1	1	1	1	1	1	1	1	1	1	1	1	1	1	0	1	
0.2		0	1	1	1	1	1	1	1	1	1	0	1	1	1	1	1	1	1	0	1	
0.2		0	1	0	1	0	1	1	1	1	0	0	1	1	1	1	1	1	1	0	1	
0.3		0	1	0	1	0	0	1	1	1	0	0	1	1	1	1	1	1	1	0	1	
0.3		1	2	1	2	1	1	2	2	2	1	1	2	2	2	2	1	2	2	1	2	
0.3		1	2	1	2	1	1	2	2	2	1	1	1	2	2	2	1	2	2	1	2	
0.4		1	2	1	2	1	1	2	1	2	1	1	1	2	2	2	1	2	2	1	2	
0.4		1	2	1	2	1	1	2	1	2	1	1	0	2	2	2	1	2	2	1	2	
0.4		2	3	2	3	2	2	3	2	3	2	2	1	2	3	3	2	3	3	2	2	
0.4		2	3	2	3	2	2	3	2	3	2	2	1	2	3	3	2	3	2	2	2	
0.5		2	3	2	3	2	2	3	2	3	2	2	1	2	3	3	2	2	2	2	2	
0.5		2	3	1	3	1	2	3	2	3	2	2	1	2	3	3	2	2	2	2	2	
0.5		3	4	2	3	2	3	3	3	4	3	3	2	3	4	4	2	3	3	3	3	
0.6		3	4	2	3	2	3	3	3	4	3	3	2	3	4	4	2	3	3	3	3	
0.6		3	3	2	3	2	3	3	3	4	3	3	2	3	4	4	2	3	3	3	3	
0.6		3	3	2	3	2	3	3	3	4	3	3	2	3	4	4	2	3	3	3	3	
0.7		4	4	3	4	3	4	4	4	5	4	4	3	4	5	5	3	4	4	4	3	
0.7		4	4	3	4	3	4	4	4	5	4	4	3	4	4	5	3	4	4	4	3	
0.7		4	4	3	4	3	4	4	4	5	4	4	2	4	4	5	3	4	4	4	3	
0.8		4	4	2	4	3	4	4	3	5	4	4	2	4	4	5	3	3	4	4	3	
0.8		5	5	3	5	4	5	5	3	6	5	5	3	5	4	6	4	4	5	5	4	
0.8		5	5	2	5	4	5	5	3	6	5	5	3	5	4	6	4	4	5	5	4	
0.8		5	5	2	5	4	5	5	3	6	5	5	3	5	4	6	4	4	5	5	4	
0.9		5	5	2	5	4	5	5	3	6	5	5	3	5	3	6	4	4	5	5	4	
0.9		5	5	2	5	4	4	5	3	6	5	5	3	5	3	6	4	4	5	5	4	
0.9		6	6	3	6	4	5	6	3	6	6	6	4	6	4	7	5	5	6	6	5	
1.0		6	6	3	6	4	4	6	3	6	6	5	3	6	4	7	5	5	6	6	5	
1.0		6	6	3	6	4	4	6	3	6	6	5	3	6	4	7	5	5	5	6	5	
1.0		6	6	3	6	4	4	6	3	6	6	5	3	6	4	7	5	5	5	6	5	
1.0		7	7	4	7	5	5	7	4	7	7	6	4	6	5	8	6	5	6	7	6	
1.1		7	6	4	6	5	5	7	4	7	7	6	4	6	5	8	5	4	6	7	6	
1.1		7	6	4	6	5	5	7	4	7	7	5	4	6	4	8	5	4	6	7	6	
1.1		7	6	4	6	5	5	7	4	7	7	5	4	6	4	7	5	4	6	7	6	
1.2		8	7	5	7	6	6	8	5	8	8	6	5	7	5	8	6	5	7	8	7	
1.2		8	7	5	7	6	6	8	5	8	8	6	5	7	5	8	6	5	7	7	7	
1.2		8	7	5	7	6	6	8	4	8	8	6	5	7	5	8	6	5	7	6	7	
1.3		8	7	5	7	6	6	8	4	7	8	6	5	7	5	8	6	5	7	6	7	
1.3		8	8	6	8	7	7	8	5	8	9	7	5	8	5	9	7	6	8	7	8	
1.3		8	8	6	8	7	7	8	5	8	9	7	5	8	5	9	6	6	8	7	8	
1.4		8	7	6	8	7	6	8	5	8	9	7	5	8	5	9	6	6	8	7	8	
1.4		8	7	6	8	7	6	8	5	8	9	6	5	8	5	9	6	6	7	7	8	
1.4		9	8	7	9	8	7	9	6	9	10	7	6	9	6	9	7	6	8	8	9	
1.4		9	8	7	8	8	7	9	6	8	10	7	6	9	6	9	7	6	8	8	9	
1.5		9	8	7	8	8	7	9	6	8	10	7	5	9	6	9	7	6	8	8	9	
1.5		9	8	7	8	8	7	9	6	8	10	7	5	9	6	9	7	6	7	8	8	
1.5		10	9	8	9	9	7	10	7	9	11	8	6	10	7	10	8	7	7	8	9	
1.6		10	9	8	9	9	7	10	7	9	11	8	5	10	7	10	8	7	7	8	9	
1.6		10	9	8	9	8	7	10	7	9	11	8	5	10	7	10	8	7	7	8	9	
1.6		10	9	8	9	8	7	10	7	9	11	8	5	10	7	9	8	7	7	8	9	
1.6		10	9	8	9	8	7	10	7	9	11	8	5	10	7	9	8	7	7	8	9	
1.7		11	10	9	9	9	8	11	8	10	12	8	6	11	7	10	9	8	8	9	10	
1.7		11	10	9	9	9	8	11	8	10	12	8	6	11	6	10	9	8	8	9	10	
1.7		11	10	9	9	9	8	11	8	10	12	8	6	11	5	10	9	8	8	9	10	
1.8		11	10	8	9	9	8	11	8	10	12	8	6	11	5	10	9	8	7	9	10	
1.8		12	11	8	10	10	9	12	9	11	12	9	7	12	6	11	9	9	8	10	11	
1.8		12	11	8	10	10	8	12	9	11	12	9	6	12	6	11	9	9	8	10	11	
1.9		12	11	8	10	10	8	12	9	10	12	9	6	12	6	11	8	9	8	10	11	
1.9		12	11	8	10	10	8	11	9	10	12	9	6	12	6	11	7	9	8	10	11	
1.9		13	12	9	11	11	9	12	10	11	13	10	7	13	7	11	8	10	9	11	11	
1.9		13	12	9	11	10	9	12	10	11	13	10	7	13	7	11	8	10	8	11	11	
2.0		13	12	9	11	10	9	11	10	11	13	9	7	13	7	11	8	10	8	11	11	
2.0		13	12	9	11	10	9	11	10	11	13	9	7	13	7	11	8	10	8	11	11	
2.0		14	13	10	12	10	10	12	10	12	14	10	8	14	8	12	9	11	9	12	12	
2.1		14	13	10	12	10	10	12	10	12	13	10	8	14	8	12	9	11	9	12	12	
2.1		14	13	9	12	10	10	12	10	12	13	10	6	14	8	12	9	11	9	12	12	
2.1		14	13	8	12	10	10	12	10	12	13	10	6	14	8	12	9	11	9	12	12	
2.2		15	14	9	12	11	11	13	11	13	14	11	7	15	9	13	10	12	10	13	13	
2.2		15	13	9	12	11	11	13	11	13	14	11	7	15	9	13	10	12	10	13	13	
2.2		15	13	9	12	10	11	13	11	13	14	11	7	15	9	13	9	12	10	13	13	
2.3		15	13	9	11	10	11	13	11	13	14	11	7	15	8	13	9	12	10	13	13	
2.3		16	13	10	12	11	12	14	12	14	15	12	8	16	9	14	10	13	11	14	13	
2.3		16	13	10	12	11	12	13	12	14	15	12	8	15	9	14	10	13	11	14	13	
2.3		16	12	10	12	11	12	13	12	14	15	12	8	15	9	14	10	13	11	14	13	
2.4		16	12	10	12	11	12	12	12	13	15	12	8	15	9	14	10	13	11	14	13	
2.4		16	12	10	12	11	12	12	12	13	15	12	8	15	9	14	10	13	11	14	13	
2.4		17	12	11	13	12	13	13	13	14	16	13	9	16	10	14	10	14	12	15	14	
2.5		17	12	11	13	12	13	13	13	14	16	13	9	15	10	14	10	14	12	15	14	
2.5		17	12	11	13	12	13	13	12	14	16	13	9	15	10	14	10	14	12	15	14	
2.5		17	12	11	12	12	13	13	12	14	16	13	9	15	10	14	10	14	12	15	14	
2.5		18	13	12	13	13	14	14	13	15	17	14	10	16	11	15	11	14	12	15	15	
2.6		18	13	12	13	13	14	14	13	15	16	14	10	16	11	15	11	14	12	14	15	
2.6		18	13	12	13	13	14	14	13	15	15	14	10	16	11	15	11	14	12	14	15	
2.6		18	13	12	13	13	14	14	13	13	15	14	10	16	11	15	11	14	12	14	15	
2.7		19	14	12	14	14	15	15	14	14	16	15	10	17	11	16	12	15	13	15	16	
2.7		19	14	12	14	14	15	15	14	14	15	15	10	17	11	16	12	15	13	15	16	
2.7		19	14	12	14	14	15	15	14	14	15	14	10	17	11	16	12	15	13	15	16	
2.8		19	13	12	14	14	15	15	14	14	15	14	10	17	11	16	12	15	13	15	16	
2.8		20	14	13	15	15	16	15	15	15	15	15	11	18	12	17	13	16	14	16	17	
2.8		20	14	13	14	15	16	15	15	15	15	15	11	18	12	17	13	16	14	16	17	
2.8		20	13	13	14	15	16	15	15	15	15	15	11	18	12	17	13	16	14	16	17	
2.9		20	13	13	14	15	16	15	15	15	15	15	11	17	12	17	13	16	14	16	17	
2.9		21	14	14	15	16	17	16	16	16	16	16	11	18	12	18	13	17	15	17	18	
2.9		21	13	14	15	16	17	15	16	16	16	16	11	18	12	18	13	17	15	17	17	
3.0		21	13	14	15	16	17	15	16	16	16	16	11	18	12	18	13	17	14	17	17	
3.0		21	13	13	15	16	16	15	16	16	16	16	11	18	12	18	13	17	14	17	17	
