			*****	 Queuing Delay (msec) 	*****


Time (sec)	Node 1	Node 2	Node 3	Node 4	Node 5	Node 6	Node 7	Node 8	Node 9	Node 10	Node 11	Node 12	Node 13	Node 14	Node 15	Node 16	Node 17	Node 18	Node 19	Node 20	
0.0		0.0	0.0	0.0	0.0	0.0	0.0	0.0	0.0	0.0	0.0	0.0	0.0	0.0	0.0	0.0	0.0	0.0	0.0	0.0	0.0	
0.1		0.0	0.0	0.0	0.0	0.0	0.0	0.0	0.0	0.0	0.0	0.0	0.0	0.0	0.0	0.0	0.0	0.0	0.0	0.0	0.0	
0.1		0.0	0.0	0.0	0.0	0.0	0.0	0.0	0.0	0.0	0.0	0.0	0.0	0.0	0.0	0.0	0.0	0.0	0.0	0.0	0.0	
0.1		0.0	0.0	0.0	0.0	0.0	0.0	0.0	0.0	0.0	0.0	0.0	0.0	0.0	0.0	0.0	0.0	0.0	0.0	0.0	0.0	
0.1		0.0	0.0	0.0	0.0	0.0	0.0	0.0	0.0	0.0	0.0	0.0	0.0	0.0	0.0	0.0	0.0	0.0	0.0	0.0	0.0	
0.2		0.0	0.0	0.0	0.0	0.0	0.0	0.0	0.0	0.0	0.0	0.0	0.0	0.0	0.0	0.0	0.0	0.0	0.0	0.0	0.0	
0.2		0.0	0.0	0.0	0.0	0.0	0.0	0.0	0.0	0.0	0.0	0.0	0.0	0.0	0.0	0.0	0.0	0.0	0.0	0.0	0.0	
0.2		0.0	0.0	0.0	0.0	0.0	0.0	0.0	0.0	0.0	0.0	0.0	0.0	0.0	0.0	0.0	0.0	0.0	0.0	0.0	0.0	
0.3		0.0	0.0	0.0	0.0	0.0	0.0	0.0	0.0	0.0	0.0	0.0	0.0	0.0	0.0	0.0	0.0	0.0	0.0	0.0	0.0	
0.3		0.0	0.0	0.0	0.0	0.0	0.0	0.0	0.0	0.0	0.0	0.0	0.0	0.0	0.0	0.0	39.92	0.0	0.0	0.0	0.0	
0.3		0.0	0.0	0.0	0.0	0.0	0.0	0.0	0.0	0.0	0.0	0.0	65.88	0.0	0.0	0.0	0.0	0.0	0.0	0.0	0.0	
0.4		0.0	0.0	0.0	0.0	0.0	0.0	0.0	83.3	0.0	0.0	0.0	0.0	0.0	0.0	0.0	0.0	0.0	0.0	0.0	0.0	
0.4		0.0	0.0	0.0	0.0	0.0	0.0	0.0	0.0	0.0	0.0	0.0	0.0	0.0	0.0	0.0	0.0	0.0	0.0	0.0	0.0	
0.4		0.0	0.0	0.0	0.0	0.0	0.0	0.0	0.0	0.0	0.0	0.0	0.0	169.72	0.0	0.0	0.0	0.0	0.0	0.0	152.3	
0.4		0.0	0.0	0.0	0.0	0.0	0.0	0.0	0.0	0.0	0.0	0.0	0.0	0.0	0.0	0.0	0.0	0.0	187.12	0.0	0.0	
0.5		0.0	0.0	0.0	0.0	0.0	0.0	0.0	0.0	0.0	0.0	0.0	0.0	0.0	0.0	0.0	0.0	204.52	0.0	0.0	0.0	
0.5		0.0	0.0	105.46	0.0	114.34	0.0	256.76	0.0	0.0	0.0	0.0	0.0	0.0	0.0	0.0	0.0	0.0	0.0	0.0	0.0	
0.5		0.0	0.0	0.0	274.2	0.0	0.0	0.0	0.0	0.0	0.0	0.0	0.0	0.0	0.0	0.0	158.08	0.0	0.0	0.0	0.0	
0.6		0.0	0.0	0.0	0.0	0.0	0.0	0.0	0.0	0.0	0.0	0.0	0.0	0.0	0.0	0.0	0.0	0.0	0.0	0.0	0.0	
0.6		0.0	326.1	0.0	0.0	0.0	0.0	0.0	0.0	0.0	0.0	0.0	0.0	0.0	0.0	0.0	0.0	0.0	0.0	0.0	0.0	
0.6		0.0	0.0	0.0	0.0	0.0	0.0	0.0	0.0	0.0	0.0	0.0	0.0	0.0	0.0	0.0	0.0	0.0	0.0	0.0	0.0	
0.7		0.0	0.0	0.0	0.0	0.0	0.0	0.0	0.0	0.0	0.0	0.0	0.0	0.0	0.0	0.0	0.0	0.0	0.0	0.0	269.7	
0.7		0.0	0.0	0.0	0.0	0.0	0.0	0.0	0.0	0.0	0.0	0.0	0.0	0.0	429.18	0.0	0.0	0.0	0.0	0.0	0.0	
0.7		0.0	0.0	0.0	0.0	0.0	0.0	0.0	0.0	0.0	0.0	0.0	196.6	0.0	0.0	0.0	0.0	0.0	0.0	0.0	0.0	
0.8		0.0	0.0	231.42	0.0	0.0	0.0	0.0	347.54	0.0	0.0	0.0	0.0	0.0	0.0	0.0	0.0	365.3	0.0	0.0	0.0	
0.8		0.0	0.0	0.0	0.0	0.0	0.0	0.0	266.62	0.0	0.0	0.0	0.0	0.0	382.74	0.0	0.0	0.0	0.0	0.0	0.0	
0.8		0.0	0.0	176.1	0.0	0.0	0.0	0.0	0.0	0.0	0.0	0.0	0.0	0.0	0.0	0.0	0.0	0.0	0.0	0.0	0.0	
0.8		0.0	0.0	0.0	0.0	0.0	0.0	0.0	0.0	0.0	0.0	0.0	0.0	0.0	0.0	0.0	0.0	0.0	0.0	0.0	0.0	
0.9		0.0	0.0	0.0	0.0	0.0	0.0	0.0	0.0	0.0	0.0	0.0	0.0	0.0	344.12	0.0	0.0	0.0	0.0	0.0	0.0	
0.9		0.0	0.0	0.0	0.0	378.96	495.06	0.0	0.0	0.0	0.0	0.0	0.0	0.0	0.0	0.0	0.0	0.0	0.0	0.0	0.0	
0.9		0.0	0.0	0.0	0.0	0.0	0.0	0.0	288.44	672.32	0.0	0.0	0.0	0.0	0.0	0.0	0.0	0.0	0.0	0.0	0.0	
1.0		0.0	0.0	0.0	0.0	0.0	431.2	0.0	0.0	0.0	0.0	582.5	315.08	0.0	0.0	0.0	0.0	0.0	0.0	0.0	0.0	
1.0		0.0	0.0	0.0	0.0	0.0	0.0	0.0	0.0	0.0	0.0	0.0	0.0	0.0	0.0	0.0	0.0	0.0	599.92	0.0	0.0	
1.0		0.0	0.0	0.0	0.0	0.0	0.0	0.0	0.0	0.0	0.0	0.0	0.0	0.0	0.0	0.0	0.0	0.0	0.0	0.0	0.0	
1.0		0.0	0.0	0.0	0.0	0.0	0.0	0.0	0.0	0.0	0.0	0.0	0.0	651.48	0.0	0.0	0.0	477.28	0.0	0.0	0.0	
1.1		0.0	704.38	0.0	686.62	0.0	0.0	0.0	0.0	0.0	0.0	0.0	0.0	0.0	0.0	0.0	570.5	0.0	0.0	0.0	0.0	
1.1		0.0	0.0	0.0	0.0	0.0	0.0	0.0	0.0	0.0	0.0	605.68	0.0	0.0	471.8	0.0	0.0	0.0	0.0	0.0	0.0	
1.1		0.0	0.0	0.0	0.0	0.0	0.0	0.0	0.0	0.0	0.0	0.0	0.0	0.0	0.0	864.56	0.0	0.0	0.0	0.0	0.0	
1.2		0.0	0.0	0.0	0.0	0.0	0.0	0.0	0.0	0.0	0.0	0.0	0.0	0.0	0.0	0.0	0.0	0.0	0.0	0.0	0.0	
1.2		0.0	0.0	0.0	0.0	0.0	0.0	0.0	0.0	0.0	0.0	0.0	0.0	0.0	0.0	0.0	0.0	0.0	0.0	816.74	0.0	
1.2		0.0	0.0	0.0	0.0	0.0	0.0	0.0	476.56	0.0	0.0	0.0	0.0	0.0	0.0	0.0	0.0	0.0	0.0	700.6	0.0	
1.3		0.0	0.0	0.0	0.0	0.0	0.0	0.0	0.0	869.02	0.0	0.0	502.9	0.0	0.0	0.0	0.0	0.0	0.0	0.0	0.0	
1.3		895.3	0.0	0.0	0.0	0.0	0.0	904.18	0.0	0.0	0.0	0.0	0.0	0.0	538.06	0.0	0.0	0.0	0.0	0.0	0.0	
1.3		0.0	0.0	0.0	0.0	0.0	0.0	0.0	0.0	0.0	0.0	0.0	0.0	0.0	0.0	0.0	689.04	0.0	0.0	0.0	0.0	
1.4		0.0	822.92	0.0	0.0	0.0	715.34	0.0	0.0	0.0	0.0	0.0	0.0	0.0	0.0	0.0	0.0	0.0	0.0	0.0	0.0	
1.4		0.0	0.0	0.0	0.0	0.0	0.0	0.0	0.0	0.0	0.0	732.76	0.0	0.0	0.0	0.0	0.0	0.0	866.64	0.0	0.0	
1.4		0.0	0.0	0.0	0.0	0.0	0.0	0.0	0.0	0.0	0.0	0.0	0.0	0.0	0.0	1017.66	0.0	651.54	0.0	0.0	0.0	
1.4		0.0	0.0	0.0	918.96	0.0	0.0	0.0	0.0	927.84	0.0	0.0	0.0	0.0	0.0	0.0	0.0	0.0	0.0	0.0	0.0	
1.5		0.0	0.0	0.0	0.0	0.0	0.0	0.0	0.0	0.0	0.0	0.0	570.24	0.0	0.0	0.0	0.0	0.0	0.0	0.0	0.0	
1.5		0.0	0.0	0.0	0.0	0.0	0.0	0.0	0.0	0.0	0.0	0.0	0.0	0.0	0.0	0.0	0.0	0.0	805.52	0.0	971.18	
1.5		0.0	0.0	0.0	0.0	0.0	764.86	0.0	0.0	0.0	0.0	0.0	0.0	0.0	0.0	0.0	0.0	0.0	0.0	898.74	0.0	
1.6		0.0	0.0	0.0	0.0	0.0	0.0	0.0	0.0	0.0	0.0	0.0	549.7	0.0	0.0	0.0	0.0	0.0	0.0	0.0	0.0	
1.6		0.0	0.0	0.0	0.0	959.22	0.0	0.0	0.0	0.0	0.0	0.0	0.0	0.0	0.0	0.0	0.0	0.0	0.0	0.0	0.0	
1.6		0.0	0.0	0.0	0.0	0.0	0.0	0.0	0.0	0.0	0.0	0.0	0.0	0.0	0.0	1110.18	0.0	0.0	0.0	0.0	0.0	
1.6		0.0	0.0	0.0	0.0	0.0	0.0	0.0	0.0	0.0	0.0	0.0	0.0	0.0	0.0	0.0	0.0	0.0	0.0	0.0	0.0	
1.7		0.0	0.0	0.0	1045.64	0.0	0.0	0.0	0.0	0.0	0.0	903.2	0.0	0.0	804.52	0.0	0.0	0.0	0.0	0.0	0.0	
1.7		0.0	0.0	0.0	0.0	0.0	0.0	0.0	0.0	0.0	0.0	0.0	0.0	0.0	688.38	0.0	0.0	0.0	0.0	0.0	0.0	
1.7		0.0	0.0	0.0	0.0	0.0	0.0	0.0	0.0	0.0	0.0	0.0	0.0	0.0	597.86	0.0	0.0	0.0	0.0	0.0	0.0	
1.8		0.0	0.0	936.66	0.0	0.0	0.0	0.0	0.0	0.0	0.0	0.0	0.0	0.0	0.0	0.0	0.0	0.0	874.16	0.0	0.0	
1.8		0.0	0.0	0.0	0.0	0.0	0.0	0.0	0.0	0.0	1417.86	0.0	0.0	0.0	0.0	0.0	1025.44	0.0	0.0	0.0	0.0	
1.8		0.0	0.0	0.0	0.0	0.0	952.68	0.0	0.0	0.0	0.0	0.0	685.28	0.0	0.0	0.0	0.0	0.0	0.0	0.0	0.0	
1.9		0.0	0.0	0.0	0.0	0.0	0.0	0.0	0.0	1211.58	0.0	0.0	0.0	0.0	0.0	0.0	978.98	0.0	0.0	0.0	0.0	
1.9		0.0	0.0	0.0	0.0	0.0	0.0	1371.72	0.0	0.0	0.0	0.0	0.0	0.0	0.0	0.0	862.84	0.0	0.0	0.0	1264.12	
1.9		0.0	0.0	0.0	0.0	0.0	0.0	0.0	0.0	0.0	0.0	0.0	0.0	0.0	0.0	1281.54	0.0	0.0	0.0	0.0	0.0	
1.9		0.0	0.0	0.0	0.0	1173.96	0.0	0.0	0.0	0.0	0.0	0.0	0.0	0.0	0.0	0.0	0.0	0.0	949.94	0.0	0.0	
2.0		0.0	0.0	0.0	0.0	0.0	0.0	1351.22	0.0	0.0	0.0	1083.82	0.0	0.0	0.0	0.0	0.0	0.0	0.0	0.0	0.0	
2.0		0.0	0.0	0.0	0.0	0.0	0.0	0.0	1127.2	0.0	0.0	0.0	0.0	0.0	0.0	0.0	0.0	0.0	0.0	0.0	0.0	
2.0		0.0	0.0	0.0	0.0	1161.7	0.0	0.0	0.0	0.0	0.0	0.0	0.0	0.0	0.0	0.0	0.0	0.0	0.0	0.0	0.0	
2.1		0.0	0.0	0.0	0.0	0.0	0.0	0.0	0.0	0.0	1562.66	0.0	0.0	0.0	0.0	0.0	0.0	0.0	0.0	0.0	0.0	
2.1		0.0	0.0	1097.84	0.0	0.0	0.0	0.0	0.0	0.0	0.0	0.0	772.02	0.0	0.0	0.0	0.0	0.0	0.0	0.0	0.0	
2.1		0.0	0.0	990.26	0.0	0.0	0.0	0.0	0.0	0.0	0.0	0.0	0.0	0.0	0.0	0.0	0.0	0.0	0.0	0.0	0.0	
2.2		0.0	0.0	0.0	1399.8	0.0	0.0	0.0	0.0	0.0	0.0	0.0	0.0	0.0	0.0	0.0	0.0	0.0	0.0	0.0	0.0	
2.2		0.0	1542.24	0.0	0.0	0.0	0.0	0.0	0.0	0.0	0.0	0.0	0.0	0.0	0.0	0.0	0.0	0.0	0.0	0.0	0.0	
2.2		0.0	0.0	0.0	0.0	1193.18	0.0	0.0	0.0	0.0	0.0	0.0	0.0	0.0	0.0	0.0	1094.14	0.0	0.0	0.0	0.0	
2.3		0.0	0.0	0.0	1353.02	0.0	0.0	0.0	0.0	0.0	0.0	0.0	0.0	0.0	986.9	0.0	0.0	0.0	0.0	0.0	0.0	
2.3		0.0	1513.2	0.0	0.0	0.0	0.0	0.0	0.0	0.0	0.0	0.0	0.0	0.0	0.0	0.0	0.0	0.0	0.0	0.0	1504.32	
2.3		0.0	0.0	0.0	0.0	0.0	0.0	1530.64	0.0	0.0	0.0	0.0	0.0	1798.04	0.0	0.0	0.0	0.0	0.0	0.0	0.0	
2.3		0.0	1440.46	0.0	0.0	0.0	0.0	0.0	0.0	0.0	0.0	0.0	0.0	0.0	0.0	0.0	0.0	0.0	0.0	0.0	0.0	
2.4		0.0	0.0	0.0	0.0	0.0	0.0	1475.0	0.0	1608.88	0.0	0.0	0.0	0.0	0.0	0.0	0.0	0.0	0.0	0.0	0.0	
2.4		0.0	0.0	0.0	0.0	0.0	0.0	0.0	0.0	0.0	0.0	0.0	0.0	0.0	0.0	0.0	1126.3	0.0	0.0	0.0	0.0	
2.4		0.0	1428.2	0.0	0.0	0.0	0.0	0.0	0.0	0.0	0.0	0.0	0.0	0.0	0.0	1669.32	0.0	0.0	0.0	0.0	0.0	
2.5		0.0	0.0	0.0	0.0	0.0	0.0	0.0	0.0	0.0	0.0	0.0	0.0	1829.16	0.0	0.0	0.0	0.0	0.0	0.0	0.0	
2.5		0.0	0.0	0.0	0.0	0.0	0.0	0.0	1471.56	0.0	0.0	0.0	0.0	0.0	0.0	0.0	0.0	0.0	0.0	0.0	0.0	
2.5		0.0	0.0	0.0	1497.5	0.0	0.0	0.0	0.0	0.0	0.0	0.0	0.0	0.0	0.0	0.0	0.0	0.0	1389.9	0.0	0.0	
2.5		0.0	0.0	0.0	0.0	0.0	0.0	0.0	0.0	0.0	0.0	0.0	0.0	0.0	0.0	0.0	0.0	1648.78	0.0	1791.18	0.0	
2.6		0.0	0.0	0.0	0.0	0.0	0.0	0.0	0.0	0.0	1951.0	0.0	0.0	0.0	0.0	0.0	0.0	0.0	0.0	1675.04	0.0	
2.6		0.0	0.0	0.0	0.0	0.0	0.0	0.0	0.0	0.0	1843.4	0.0	0.0	0.0	0.0	0.0	0.0	0.0	0.0	0.0	0.0	
2.6		0.0	0.0	0.0	0.0	0.0	0.0	0.0	0.0	1677.76	0.0	0.0	1128.58	0.0	0.0	0.0	0.0	0.0	0.0	0.0	0.0	
2.7		0.0	0.0	1404.52	0.0	0.0	0.0	0.0	0.0	0.0	0.0	0.0	0.0	0.0	1288.4	0.0	0.0	0.0	0.0	0.0	0.0	
2.7		0.0	0.0	0.0	0.0	0.0	0.0	0.0	0.0	0.0	1822.88	0.0	0.0	0.0	0.0	0.0	0.0	0.0	0.0	0.0	0.0	
2.7		0.0	0.0	0.0	0.0	0.0	0.0	0.0	0.0	0.0	0.0	1723.84	0.0	0.0	0.0	0.0	0.0	0.0	0.0	0.0	0.0	
2.8		0.0	1616.24	0.0	0.0	0.0	0.0	0.0	0.0	0.0	1750.14	0.0	0.0	0.0	0.0	0.0	0.0	0.0	0.0	0.0	0.0	
2.8		0.0	0.0	0.0	0.0	0.0	0.0	1776.1	0.0	0.0	0.0	0.0	0.0	0.0	0.0	0.0	0.0	0.0	0.0	0.0	0.0	
2.8		0.0	0.0	0.0	1685.58	0.0	0.0	0.0	0.0	0.0	0.0	0.0	0.0	0.0	0.0	0.0	0.0	0.0	0.0	0.0	0.0	
2.8		0.0	1595.08	0.0	0.0	0.0	0.0	0.0	0.0	0.0	0.0	0.0	0.0	0.0	0.0	0.0	0.0	0.0	0.0	0.0	0.0	
2.9		0.0	0.0	0.0	0.0	0.0	0.0	0.0	0.0	0.0	0.0	0.0	1254.9	2112.48	0.0	0.0	0.0	0.0	0.0	0.0	0.0	
2.9		0.0	0.0	0.0	0.0	0.0	0.0	0.0	0.0	0.0	0.0	0.0	0.0	0.0	1397.32	0.0	1531.2	0.0	0.0	0.0	0.0	
2.9		0.0	1557.86	0.0	0.0	0.0	0.0	1790.08	0.0	0.0	0.0	0.0	0.0	0.0	0.0	0.0	0.0	0.0	0.0	0.0	2048.98	
3.0		0.0	0.0	0.0	0.0	0.0	0.0	0.0	0.0	0.0	0.0	0.0	0.0	0.0	0.0	0.0	0.0	0.0	1708.82	0.0	0.0	
3.0		0.0	0.0	1610.12	0.0	0.0	1976.22	0.0	0.0	0.0	0.0	0.0	0.0	0.0	0.0	0.0	0.0	0.0	0.0	0.0	0.0	
