			*****	 Utilization	*****


Time (sec)	Node 1	Node 2	Node 3	Node 4	Node 5	Node 6	Node 7	Node 8	Node 9	Node 10	Node 11	Node 12	Node 13	Node 14	Node 15	Node 16	Node 17	Node 18	Node 19	Node 20	System
0.0		0.0	0.0	0.0	0.0	0.0	0.0	0.0	0.0	0.0	0.0	0.0	0.0	0.0	0.0	0.0	0.0	0.0	0.0	0.0	0.0	0.0
0.1		0.0	0.0	0.0	0.0	0.0	0.0	0.0	0.0	0.0	0.0	0.0	0.0	0.0	0.0	0.0	0.0	0.0	0.0	0.0	0.0	0.0
0.1		0.0	0.0	0.0	0.0	0.0	0.0	0.0	0.0	0.0	0.0	0.0	0.0	0.0	0.0	0.0	0.0	0.0	0.0	0.0	0.0	0.0
0.1		0.0	0.0	0.0	0.0	0.0	0.0	0.0	0.0	0.0	0.0	0.0	0.0	0.0	0.0	0.0	0.0	0.0	0.0	0.0	0.0	0.0
0.1		0.0	0.0	0.0	0.0	0.0	0.0	0.0	0.0	0.0	0.0	0.0	0.0	0.0	0.0	0.0	0.0	0.0	0.0	0.0	0.0	0.0
0.2		0.0	0.0	0.0	0.0	0.0	0.0	0.0	0.0	0.0	0.0	0.0	0.0	0.0	0.0	0.0	0.0	0.0	0.0	0.2667	0.0	0.2667
0.2		0.2667	0.0	0.0	0.0	0.0	0.0	0.0	0.0	0.0	0.0	0.2667	0.0	0.0	0.0	0.0	0.0	0.0	0.0	0.0	0.0	0.5333
0.2		0.0	0.0	0.2667	0.0	0.2667	0.0	0.0	0.0	0.0	0.2667	0.0	0.0	0.0	0.0	0.0	0.0	0.0	0.0	0.0	0.0	0.8
0.3		0.0	0.0	0.0	0.0	0.0	0.2667	0.0	0.0	0.0	0.0	0.0	0.0	0.0	0.0	0.0	0.0	0.0	0.0	0.0	0.0	0.2667
0.3		0.0	0.0	0.0	0.0	0.0	0.0	0.0	0.0	0.0	0.0	0.0	0.0	0.0	0.0	0.0	0.2667	0.0	0.0	0.0	0.0	0.2667
0.3		0.0	0.0	0.0	0.0	0.0	0.0	0.0	0.0	0.0	0.0	0.0	0.2667	0.0	0.0	0.0	0.0	0.0	0.0	0.0	0.0	0.2667
0.4		0.0	0.0	0.0	0.0	0.0	0.0	0.0	0.2667	0.0	0.0	0.0	0.0	0.0	0.0	0.0	0.0	0.0	0.0	0.0	0.0	0.2667
0.4		0.0	0.0	0.0	0.0	0.0	0.0	0.0	0.0	0.0	0.0	0.0	0.2667	0.0	0.0	0.0	0.0	0.0	0.0	0.0	0.0	0.2667
0.4		0.0	0.0	0.0	0.0	0.0	0.0	0.0	0.0	0.0	0.0	0.0	0.0	0.2667	0.0	0.0	0.0	0.0	0.0	0.0	0.2667	0.5333
0.4		0.0	0.0	0.0	0.0	0.0	0.0	0.0	0.0	0.0	0.0	0.0	0.0	0.0	0.0	0.0	0.0	0.0	0.2667	0.0	0.0	0.2667
0.5		0.0	0.0	0.0	0.0	0.0	0.0	0.0	0.0	0.0	0.0	0.0	0.0	0.0	0.0	0.0	0.0	0.2667	0.0	0.0	0.0	0.2667
0.5		0.0	0.0	0.2667	0.0	0.2667	0.0	0.2667	0.0	0.0	0.0	0.0	0.0	0.0	0.0	0.0	0.0	0.0	0.0	0.0	0.0	0.8
0.5		0.0	0.0	0.0	0.2667	0.0	0.0	0.0	0.0	0.0	0.0	0.0	0.0	0.0	0.0	0.0	0.2667	0.0	0.0	0.0	0.0	0.5333
0.6		0.0	0.0	0.0	0.0	0.0	0.0	0.0	0.0	0.0	0.0	0.0	0.0	0.0	0.0	0.0	0.0	0.0	0.0	0.0	0.0	0.0
0.6		0.0	0.2667	0.0	0.0	0.0	0.0	0.0	0.0	0.0	0.0	0.0	0.0	0.0	0.0	0.0	0.0	0.0	0.0	0.0	0.0	0.2667
0.6		0.0	0.0	0.0	0.0	0.0	0.0	0.0	0.0	0.0	0.0	0.0	0.0	0.0	0.0	0.0	0.0	0.0	0.0	0.0	0.0	0.0
0.7		0.0	0.0	0.0	0.0	0.0	0.0	0.0	0.0	0.0	0.0	0.0	0.0	0.0	0.0	0.0	0.0	0.0	0.0	0.0	0.2667	0.2667
0.7		0.0	0.0	0.0	0.0	0.0	0.0	0.0	0.0	0.0	0.0	0.0	0.0	0.0	0.2667	0.0	0.0	0.0	0.0	0.0	0.0	0.2667
0.7		0.0	0.0	0.0	0.0	0.0	0.0	0.0	0.0	0.0	0.0	0.0	0.2667	0.0	0.0	0.0	0.0	0.0	0.0	0.0	0.0	0.2667
0.8		0.0	0.0	0.2667	0.0	0.0	0.0	0.0	0.2667	0.0	0.0	0.0	0.0	0.0	0.0	0.0	0.0	0.2667	0.0	0.0	0.0	0.8
0.8		0.0	0.0	0.0	0.0	0.0	0.0	0.0	0.2667	0.0	0.0	0.0	0.0	0.0	0.2667	0.0	0.0	0.0	0.0	0.0	0.0	0.5333
0.8		0.0	0.0	0.2667	0.0	0.0	0.0	0.0	0.0	0.0	0.0	0.0	0.0	0.0	0.0	0.0	0.0	0.0	0.0	0.0	0.0	0.2667
0.8		0.0	0.0	0.0	0.0	0.0	0.0	0.0	0.0	0.0	0.0	0.0	0.0	0.0	0.0	0.0	0.0	0.0	0.0	0.0	0.0	0.0
0.9		0.0	0.0	0.0	0.0	0.0	0.0	0.0	0.0	0.0	0.0	0.0	0.0	0.0	0.2667	0.0	0.0	0.0	0.0	0.0	0.0	0.2667
0.9		0.0	0.0	0.0	0.0	0.2667	0.2667	0.0	0.0	0.0	0.0	0.0	0.0	0.0	0.0	0.0	0.0	0.0	0.0	0.0	0.0	0.5333
0.9		0.0	0.0	0.0	0.0	0.0	0.0	0.0	0.2667	0.2667	0.0	0.0	0.0	0.0	0.0	0.0	0.0	0.0	0.0	0.0	0.0	0.5333
1.0		0.0	0.0	0.0	0.0	0.0	0.2667	0.0	0.0	0.0	0.0	0.2667	0.2667	0.0	0.0	0.0	0.0	0.0	0.0	0.0	0.0	0.8
1.0		0.0	0.0	0.0	0.0	0.0	0.0	0.0	0.0	0.0	0.0	0.0	0.0	0.0	0.0	0.0	0.0	0.0	0.2667	0.0	0.0	0.2667
1.0		0.0	0.0	0.0	0.0	0.0	0.0	0.0	0.0	0.0	0.0	0.0	0.0	0.0	0.0	0.0	0.0	0.0	0.0	0.0	0.0	0.0
1.0		0.0	0.0	0.0	0.0	0.0	0.0	0.0	0.0	0.0	0.0	0.0	0.0	0.2667	0.0	0.0	0.0	0.5333	0.0	0.0	0.0	0.8
1.1		0.0	0.2667	0.0	0.2667	0.0	0.0	0.0	0.0	0.0	0.0	0.0	0.0	0.0	0.0	0.0	0.2667	0.0	0.0	0.0	0.0	0.8
1.1		0.0	0.0	0.0	0.0	0.0	0.0	0.0	0.0	0.0	0.0	0.2667	0.0	0.0	0.2667	0.0	0.0	0.0	0.0	0.0	0.0	0.5333
1.1		0.0	0.0	0.0	0.0	0.0	0.0	0.0	0.0	0.0	0.0	0.0	0.0	0.0	0.0	0.2667	0.0	0.0	0.0	0.0	0.0	0.2667
1.2		0.0	0.0	0.0	0.0	0.0	0.0	0.0	0.0	0.0	0.0	0.0	0.0	0.0	0.0	0.0	0.0	0.0	0.0	0.0	0.0	0.0
1.2		0.0	0.0	0.0	0.0	0.0	0.0	0.0	0.0	0.0	0.0	0.0	0.0	0.0	0.0	0.0	0.0	0.0	0.0	0.2667	0.0	0.2667
1.2		0.0	0.0	0.0	0.0	0.0	0.0	0.0	0.2667	0.0	0.0	0.0	0.0	0.0	0.0	0.0	0.0	0.0	0.0	0.2667	0.0	0.5333
1.3		0.0	0.0	0.0	0.0	0.0	0.0	0.0	0.0	0.2667	0.0	0.0	0.2667	0.0	0.0	0.0	0.0	0.0	0.0	0.0	0.0	0.5333
1.3		0.2667	0.0	0.0	0.0	0.0	0.0	0.2667	0.0	0.0	0.0	0.0	0.0	0.0	0.2667	0.0	0.0	0.0	0.0	0.0	0.0	0.8
1.3		0.0	0.0	0.0	0.0	0.0	0.0	0.0	0.0	0.0	0.0	0.0	0.0	0.0	0.0	0.0	0.2667	0.0	0.0	0.0	0.0	0.2667
1.4		0.0	0.2667	0.0	0.0	0.0	0.2667	0.0	0.0	0.0	0.0	0.0	0.0	0.0	0.0	0.0	0.0	0.0	0.0	0.0	0.0	0.5333
1.4		0.0	0.0	0.0	0.0	0.0	0.0	0.0	0.0	0.0	0.0	0.2667	0.0	0.0	0.0	0.0	0.0	0.0	0.2667	0.0	0.0	0.5333
1.4		0.0	0.0	0.0	0.0	0.0	0.0	0.0	0.0	0.0	0.0	0.0	0.0	0.0	0.0	0.2667	0.0	0.2667	0.0	0.0	0.0	0.5333
1.4		0.0	0.0	0.0	0.2667	0.0	0.0	0.0	0.0	0.2667	0.0	0.0	0.0	0.0	0.0	0.0	0.0	0.0	0.0	0.0	0.0	0.5333
1.5		0.0	0.0	0.0	0.0	0.0	0.0	0.0	0.0	0.0	0.0	0.0	0.2667	0.0	0.0	0.0	0.0	0.0	0.0	0.0	0.0	0.2667
1.5		0.0	0.0	0.0	0.0	0.0	0.0	0.0	0.0	0.0	0.0	0.0	0.0	0.0	0.0	0.0	0.0	0.0	0.5333	0.0	0.2667	0.8
1.5		0.0	0.0	0.0	0.0	0.0	0.2667	0.0	0.0	0.0	0.0	0.0	0.0	0.0	0.0	0.0	0.0	0.0	0.0	0.2667	0.0	0.5333
1.6		0.0	0.0	0.0	0.0	0.0	0.0	0.0	0.0	0.0	0.0	0.0	0.2667	0.0	0.0	0.0	0.0	0.0	0.0	0.0	0.0	0.2667
1.6		0.0	0.0	0.0	0.0	0.2667	0.0	0.0	0.0	0.0	0.0	0.0	0.0	0.0	0.0	0.0	0.0	0.0	0.0	0.0	0.0	0.2667
1.6		0.0	0.0	0.0	0.0	0.0	0.0	0.0	0.0	0.0	0.0	0.0	0.0	0.0	0.0	0.2667	0.0	0.0	0.0	0.0	0.0	0.2667
1.6		0.0	0.0	0.0	0.0	0.0	0.0	0.0	0.0	0.0	0.0	0.0	0.0	0.0	0.0	0.0	0.0	0.0	0.0	0.0	0.0	0.0
1.7		0.0	0.0	0.0	0.2667	0.0	0.0	0.0	0.0	0.0	0.0	0.2667	0.0	0.0	0.2667	0.0	0.0	0.0	0.0	0.0	0.0	0.8
1.7		0.0	0.0	0.0	0.0	0.0	0.0	0.0	0.0	0.0	0.0	0.0	0.0	0.0	0.2667	0.0	0.0	0.0	0.0	0.0	0.0	0.2667
1.7		0.0	0.0	0.0	0.0	0.0	0.0	0.0	0.0	0.0	0.0	0.0	0.0	0.0	0.2667	0.0	0.0	0.0	0.0	0.0	0.0	0.2667
1.8		0.0	0.0	0.5333	0.0	0.0	0.0	0.0	0.0	0.0	0.0	0.0	0.0	0.0	0.0	0.0	0.0	0.0	0.2667	0.0	0.0	0.8
1.8		0.0	0.0	0.0	0.0	0.0	0.0	0.0	0.0	0.0	0.2667	0.0	0.0	0.0	0.0	0.0	0.2667	0.0	0.0	0.0	0.0	0.5333
1.8		0.0	0.0	0.0	0.0	0.0	0.2667	0.0	0.0	0.0	0.0	0.0	0.2667	0.0	0.0	0.0	0.0	0.0	0.0	0.0	0.0	0.5333
1.9		0.0	0.0	0.0	0.0	0.0	0.0	0.0	0.0	0.2667	0.0	0.0	0.0	0.0	0.0	0.0	0.2667	0.0	0.0	0.0	0.0	0.5333
1.9		0.0	0.0	0.0	0.0	0.0	0.0	0.2667	0.0	0.0	0.0	0.0	0.0	0.0	0.0	0.0	0.2667	0.0	0.0	0.0	0.2667	0.8
1.9		0.0	0.0	0.0	0.0	0.0	0.0	0.0	0.0	0.0	0.0	0.0	0.0	0.0	0.0	0.2667	0.0	0.0	0.0	0.0	0.0	0.2667
1.9		0.0	0.0	0.0	0.0	0.2667	0.0	0.0	0.0	0.0	0.0	0.0	0.0	0.0	0.0	0.0	0.0	0.0	0.2667	0.0	0.0	0.5333
2.0		0.0	0.0	0.0	0.0	0.0	0.0	0.2667	0.0	0.0	0.0	0.2667	0.0	0.0	0.0	0.0	0.0	0.0	0.0	0.0	0.0	0.5333
2.0		0.0	0.0	0.0	0.0	0.0	0.0	0.0	0.2667	0.0	0.0	0.0	0.0	0.0	0.0	0.0	0.0	0.0	0.0	0.0	0.0	0.2667
2.0		0.0	0.0	0.0	0.0	0.2667	0.0	0.0	0.0	0.0	0.0	0.0	0.0	0.0	0.0	0.0	0.0	0.0	0.0	0.0	0.0	0.2667
2.1		0.0	0.0	0.0	0.0	0.0	0.0	0.0	0.0	0.0	0.2667	0.0	0.0	0.0	0.0	0.0	0.0	0.0	0.0	0.0	0.0	0.2667
2.1		0.0	0.0	0.2667	0.0	0.0	0.0	0.0	0.0	0.0	0.0	0.0	0.5333	0.0	0.0	0.0	0.0	0.0	0.0	0.0	0.0	0.8
2.1		0.0	0.0	0.2667	0.0	0.0	0.0	0.0	0.0	0.0	0.0	0.0	0.0	0.0	0.0	0.0	0.0	0.0	0.0	0.0	0.0	0.2667
2.2		0.0	0.0	0.0	0.2667	0.0	0.0	0.0	0.0	0.0	0.0	0.0	0.0	0.0	0.0	0.0	0.0	0.0	0.0	0.0	0.0	0.2667
2.2		0.0	0.2667	0.0	0.0	0.0	0.0	0.0	0.0	0.0	0.0	0.0	0.0	0.0	0.0	0.0	0.0	0.0	0.0	0.0	0.0	0.2667
2.2		0.0	0.0	0.0	0.0	0.2667	0.0	0.0	0.0	0.0	0.0	0.0	0.0	0.0	0.0	0.0	0.2667	0.0	0.0	0.0	0.0	0.5333
2.3		0.0	0.0	0.0	0.2667	0.0	0.0	0.0	0.0	0.0	0.0	0.0	0.0	0.0	0.2667	0.0	0.0	0.0	0.0	0.0	0.0	0.5333
2.3		0.0	0.2667	0.0	0.0	0.0	0.0	0.0	0.0	0.0	0.0	0.0	0.0	0.0	0.0	0.0	0.0	0.0	0.0	0.0	0.2667	0.5333
2.3		0.0	0.0	0.0	0.0	0.0	0.0	0.2667	0.0	0.0	0.0	0.0	0.0	0.2667	0.0	0.0	0.0	0.0	0.0	0.0	0.0	0.5333
2.3		0.0	0.2667	0.0	0.0	0.0	0.0	0.0	0.0	0.0	0.0	0.0	0.0	0.0	0.0	0.0	0.0	0.0	0.0	0.0	0.0	0.2667
2.4		0.0	0.0	0.0	0.0	0.0	0.0	0.2667	0.0	0.2667	0.0	0.0	0.0	0.0	0.0	0.0	0.0	0.0	0.0	0.0	0.0	0.5333
2.4		0.0	0.0	0.0	0.0	0.0	0.0	0.0	0.0	0.0	0.0	0.0	0.0	0.0	0.0	0.0	0.2667	0.0	0.0	0.0	0.0	0.2667
2.4		0.0	0.2667	0.0	0.0	0.0	0.0	0.0	0.0	0.0	0.0	0.0	0.0	0.0	0.0	0.2667	0.0	0.0	0.0	0.0	0.0	0.5333
2.5		0.0	0.0	0.0	0.0	0.0	0.0	0.0	0.0	0.0	0.0	0.0	0.0	0.2667	0.0	0.0	0.0	0.0	0.0	0.0	0.0	0.2667
2.5		0.0	0.0	0.0	0.0	0.0	0.0	0.0	0.2667	0.0	0.0	0.0	0.0	0.0	0.0	0.0	0.0	0.0	0.0	0.0	0.0	0.2667
2.5		0.0	0.0	0.0	0.2667	0.0	0.0	0.0	0.0	0.0	0.0	0.0	0.0	0.0	0.0	0.0	0.0	0.0	0.2667	0.0	0.0	0.5333
2.5		0.0	0.0	0.0	0.0	0.0	0.0	0.0	0.0	0.0	0.0	0.0	0.0	0.0	0.0	0.0	0.0	0.2667	0.0	0.2667	0.0	0.5333
2.6		0.0	0.0	0.0	0.0	0.0	0.0	0.0	0.0	0.0	0.2667	0.0	0.0	0.0	0.0	0.0	0.0	0.0	0.0	0.2667	0.0	0.5333
2.6		0.0	0.0	0.0	0.0	0.0	0.0	0.0	0.0	0.0	0.2667	0.0	0.0	0.0	0.0	0.0	0.0	0.0	0.0	0.0	0.0	0.2667
2.6		0.0	0.0	0.0	0.0	0.0	0.0	0.0	0.0	0.5333	0.0	0.0	0.2667	0.0	0.0	0.0	0.0	0.0	0.0	0.0	0.0	0.8
2.7		0.0	0.0	0.2667	0.0	0.0	0.0	0.0	0.0	0.0	0.0	0.0	0.0	0.0	0.2667	0.0	0.0	0.0	0.0	0.0	0.0	0.5333
2.7		0.0	0.0	0.0	0.0	0.0	0.0	0.0	0.0	0.0	0.2667	0.0	0.0	0.0	0.0	0.0	0.0	0.0	0.0	0.0	0.0	0.2667
2.7		0.0	0.0	0.0	0.0	0.0	0.0	0.0	0.0	0.0	0.0	0.2667	0.0	0.0	0.0	0.0	0.0	0.0	0.0	0.0	0.0	0.2667
2.8		0.0	0.2667	0.0	0.0	0.0	0.0	0.0	0.0	0.0	0.2667	0.0	0.0	0.0	0.0	0.0	0.0	0.0	0.0	0.0	0.0	0.5333
2.8		0.0	0.0	0.0	0.0	0.0	0.0	0.2667	0.0	0.0	0.0	0.0	0.0	0.0	0.0	0.0	0.0	0.0	0.0	0.0	0.0	0.2667
2.8		0.0	0.0	0.0	0.2667	0.0	0.0	0.0	0.0	0.0	0.0	0.0	0.0	0.0	0.0	0.0	0.0	0.0	0.0	0.0	0.0	0.2667
2.8		0.0	0.2667	0.0	0.0	0.0	0.0	0.0	0.0	0.0	0.0	0.0	0.0	0.0	0.0	0.0	0.0	0.0	0.0	0.0	0.0	0.2667
2.9		0.0	0.0	0.0	0.0	0.0	0.0	0.0	0.0	0.0	0.0	0.0	0.2667	0.2667	0.0	0.0	0.0	0.0	0.0	0.0	0.0	0.5333
2.9		0.0	0.0	0.0	0.0	0.0	0.0	0.0	0.0	0.0	0.0	0.0	0.0	0.0	0.2667	0.0	0.2667	0.0	0.0	0.0	0.0	0.5333
2.9		0.0	0.2667	0.0	0.0	0.0	0.0	0.2667	0.0	0.0	0.0	0.0	0.0	0.0	0.0	0.0	0.0	0.0	0.0	0.0	0.2667	0.8
3.0		0.0	0.0	0.0	0.0	0.0	0.0	0.0	0.0	0.0	0.0	0.0	0.0	0.0	0.0	0.0	0.0	0.0	0.2667	0.0	0.0	0.2667
3.0		0.0	0.0	0.2667	0.0	0.0	0.2667	0.0	0.0	0.0	0.0	0.0	0.0	0.0	0.0	0.0	0.0	0.0	0.0	0.0	0.0	0.5333
